3 0.494697 0.106509 0.986364 0.149112
0 0.333333 0.235503 0.296970 0.106509
0 0.849242 0.232544 0.277273 0.100592
0 0.408333 0.395858 0.813636 0.159763
1 0.490152 0.626627 0.646970 0.289941
2 0.081061 0.708876 0.159091 0.362130
2 0.243939 0.842604 0.166667 0.099408
2 0.411364 0.850888 0.159091 0.111243
2 0.574242 0.840828 0.166667 0.102959
2 0.739394 0.839645 0.166667 0.102959
2 0.908333 0.792308 0.146970 0.197633
0 0.914394 0.644379 0.171212 0.098225
1 0.087879 0.224852 0.172727 0.127811
1 0.600000 0.230769 0.209091 0.125444
