3 0.501025 0.050397 0.977459 0.091270
1 0.080943 0.153968 0.149590 0.122222
1 0.741291 0.159127 0.224385 0.129365
1 0.496414 0.572222 0.591189 0.396825
0 0.396516 0.282143 0.780738 0.127778
0 0.394467 0.176190 0.465164 0.084127
0 0.923156 0.177778 0.147541 0.077778
0 0.898053 0.279365 0.203893 0.122222
2 0.897029 0.614683 0.205943 0.554762
2 0.101947 0.631746 0.201844 0.539683
2 0.298156 0.836111 0.204918 0.134127
2 0.501025 0.833333 0.200820 0.122222
2 0.698770 0.834921 0.194672 0.125397
2 0.086066 0.948413 0.168033 0.096825
2 0.251537 0.951587 0.154713 0.096825
2 0.410348 0.954762 0.169057 0.090476
2 0.579406 0.953968 0.164959 0.092063
2 0.745902 0.954762 0.155738 0.090476
2 0.903176 0.956349 0.150615 0.087302
