1 0.592902 0.539900 0.367432 0.614298
0 0.882046 0.281796 0.179541 0.114713
0 0.204071 0.341230 0.378914 0.226933
3 0.501566 0.069410 0.930063 0.110557
0 0.370042 0.170407 0.412317 0.099751
0 0.874217 0.176226 0.191023 0.103076
2 0.116910 0.682876 0.206681 0.401496
2 0.310543 0.678720 0.220251 0.406484
2 0.888831 0.619701 0.211900 0.549460
2 0.105950 0.942228 0.165971 0.088944
2 0.263570 0.937656 0.168058 0.098088
2 0.421712 0.945968 0.156576 0.096426
2 0.580376 0.945137 0.152401 0.101413
2 0.735908 0.942228 0.154489 0.095594
2 0.896660 0.944306 0.162839 0.103076
1 0.111691 0.159601 0.181628 0.121363
1 0.692589 0.163342 0.176409 0.120532
