3 0.481947 0.022917 0.919937 0.044167
1 0.478022 0.212917 0.648352 0.224167
1 0.480377 0.617500 0.313972 0.185000
0 0.479592 0.368750 0.626374 0.022500
0 0.893250 0.131667 0.163265 0.090000
0 0.804553 0.527917 0.296703 0.039167
0 0.320251 0.775000 0.326531 0.046667
1 0.799843 0.868750 0.306122 0.225833
2 0.239403 0.439167 0.161695 0.116667
2 0.394819 0.440833 0.177394 0.125000
2 0.561224 0.440833 0.171115 0.123333
2 0.718995 0.436250 0.169545 0.119167
2 0.884615 0.340833 0.174254 0.320000
2 0.713501 0.665000 0.161695 0.156667
2 0.878336 0.665833 0.174254 0.163333
2 0.237834 0.662917 0.171115 0.157500
2 0.240188 0.903333 0.153846 0.193333
2 0.397959 0.898750 0.171115 0.202500
2 0.559655 0.932917 0.164835 0.134167
