3 0.508366 0.065803 0.954955 0.105683
0 0.441441 0.176969 0.517375 0.104686
0 0.501287 0.239282 0.979408 0.041874
1 0.601030 0.672483 0.380952 0.577268
1 0.095238 0.156032 0.164736 0.156530
1 0.746461 0.162512 0.113256 0.135593
2 0.104891 0.312064 0.199485 0.113659
2 0.305019 0.316052 0.195624 0.117647
2 0.501931 0.318544 0.198198 0.116650
2 0.693694 0.314058 0.198198 0.111665
2 0.897683 0.316052 0.204633 0.117647
2 0.106178 0.789133 0.196911 0.407777
2 0.303089 0.784646 0.199485 0.410768
2 0.895109 0.742772 0.196911 0.490528
0 0.888674 0.437188 0.194337 0.118644
0 0.202059 0.471087 0.393822 0.188435
