3 0.527407 0.043928 0.853333 0.080103
0 0.505185 0.167313 0.968889 0.078811
1 0.510370 0.403101 0.641481 0.341085
2 0.108889 0.493540 0.179259 0.490956
2 0.267407 0.660207 0.167407 0.149871
2 0.431111 0.660853 0.165926 0.151163
2 0.594815 0.666021 0.161481 0.151163
2 0.757037 0.663437 0.165926 0.145995
0 0.920000 0.673127 0.160000 0.134367
2 0.917778 0.874031 0.164444 0.231266
2 0.112593 0.915375 0.160000 0.169251
2 0.261481 0.912791 0.158519 0.174419
0 0.594815 0.900517 0.478519 0.090439
2 0.431111 0.978036 0.165926 0.043928
2 0.593333 0.972868 0.161481 0.054264
2 0.758519 0.972222 0.165926 0.055556
