3 0.510960 0.068408 0.948852 0.101990
0 0.402401 0.168325 0.508351 0.101161
0 0.881002 0.176617 0.189979 0.096186
0 0.409186 0.287728 0.757829 0.122720
0 0.886221 0.286070 0.202505 0.124378
2 0.117954 0.632670 0.210856 0.515755
1 0.404489 0.616915 0.368476 0.472637
2 0.691545 0.628939 0.201461 0.516584
2 0.888831 0.622720 0.205637 0.525705
2 0.106994 0.946932 0.176409 0.097844
2 0.270355 0.944859 0.154489 0.110282
2 0.419102 0.942786 0.155532 0.102819
2 0.568894 0.940299 0.164927 0.119403
2 0.731733 0.943615 0.150313 0.112769
2 0.900313 0.948590 0.165971 0.101161
