3 0.504110 0.345622 0.798174 0.135177
1 0.110502 0.129032 0.144292 0.175115
1 0.423288 0.120584 0.139726 0.238095
1 0.737900 0.122120 0.136986 0.241167
1 0.642922 0.816436 0.089498 0.225806
0 0.264384 0.109831 0.154338 0.149002
0 0.574886 0.110599 0.154338 0.138249
0 0.885388 0.110599 0.147032 0.144393
0 0.592694 0.625960 0.367123 0.149002
0 0.888128 0.602919 0.179909 0.182796
2 0.500913 0.952381 0.187215 0.092166
2 0.889041 0.883257 0.187215 0.233487
2 0.693607 0.857911 0.187215 0.284178
2 0.121461 0.807988 0.169863 0.202765
2 0.300457 0.853303 0.177169 0.293395
