3 0.492721 0.291990 0.787079 0.103359
1 0.726570 0.108527 0.155596 0.206718
1 0.415833 0.109819 0.151046 0.193798
1 0.101456 0.114987 0.157416 0.196382
0 0.252047 0.100775 0.143767 0.116279
0 0.566879 0.101421 0.143767 0.122739
0 0.883530 0.098837 0.145587 0.120155
0 0.685168 0.497416 0.569609 0.064599
2 0.114195 0.793928 0.168335 0.388889
2 0.295268 0.800388 0.179254 0.399225
2 0.490901 0.817829 0.191993 0.364341
2 0.878526 0.821059 0.191993 0.357881
2 0.878071 0.580103 0.187443 0.098191
2 0.491811 0.582041 0.195632 0.102067
