3 0.457878 0.026667 0.893916 0.051667
1 0.564743 0.203333 0.814353 0.240000
0 0.556162 0.349167 0.675507 0.040000
1 0.549922 0.425000 0.148206 0.098333
1 0.315133 0.662917 0.308892 0.102500
1 0.797972 0.902083 0.304212 0.195833
0 0.723089 0.579583 0.500780 0.052500
2 0.241810 0.482917 0.162246 0.137500
2 0.398596 0.478750 0.163807 0.134167
2 0.714509 0.489167 0.156006 0.135000
2 0.881435 0.481250 0.187207 0.139167
2 0.550702 0.676250 0.162246 0.142500
2 0.712168 0.679583 0.166927 0.145833
2 0.882215 0.677083 0.173167 0.147500
2 0.392356 0.918333 0.163807 0.163333
2 0.552262 0.917917 0.159126 0.164167
