3 0.506122 0.074653 0.861224 0.072917
0 0.493878 0.187500 0.983673 0.062500
0 0.666327 0.469618 0.659184 0.043403
1 0.748980 0.657118 0.497959 0.314236
1 0.081633 0.336806 0.151020 0.173611
2 0.416327 0.743924 0.159184 0.460069
2 0.164286 0.723958 0.320408 0.545139
2 0.247959 0.344618 0.173469 0.185764
2 0.416327 0.338542 0.167347 0.197917
2 0.581633 0.339410 0.171429 0.206597
2 0.752041 0.342882 0.165306 0.213542
2 0.917347 0.334201 0.165306 0.206597
2 0.580612 0.919271 0.173469 0.157986
2 0.747959 0.918403 0.173469 0.159722
2 0.912245 0.911458 0.171429 0.145833
