3 0.507376 0.076412 0.966280 0.109635
1 0.410959 0.410299 0.756586 0.333887
0 0.404636 0.653239 0.765016 0.137043
2 0.121180 0.817276 0.200211 0.142857
2 0.317176 0.818522 0.187566 0.153654
2 0.509484 0.818522 0.192835 0.156977
2 0.704426 0.818522 0.201264 0.156977
2 0.898841 0.620847 0.202318 0.530731
2 0.109589 0.952243 0.166491 0.095515
2 0.270811 0.950581 0.155954 0.098837
2 0.426238 0.953904 0.154900 0.092193
2 0.582192 0.953073 0.159115 0.093854
2 0.742360 0.952243 0.159115 0.095515
2 0.905690 0.953073 0.161222 0.093854
0 0.477345 0.177741 0.632244 0.091362
