1 0.658590 0.267735 0.612335 0.242563
3 0.504405 0.046911 0.894273 0.052632
0 0.579295 0.117849 0.753304 0.034325
0 0.348018 0.465675 0.290749 0.029748
0 0.731278 0.477117 0.449339 0.043478
1 0.495595 0.735698 0.295154 0.112128
2 0.273128 0.295195 0.158590 0.311213
2 0.425110 0.423341 0.154185 0.068650
2 0.579295 0.426773 0.154185 0.070938
2 0.726872 0.419908 0.149780 0.066362
2 0.881057 0.422197 0.158590 0.070938
2 0.268722 0.572082 0.149780 0.173913
2 0.425110 0.570938 0.154185 0.167048
2 0.574890 0.575515 0.162996 0.176201
2 0.726872 0.602975 0.158590 0.112128
2 0.883260 0.576659 0.162996 0.164760
2 0.720264 0.832952 0.162996 0.265446
2 0.889868 0.760870 0.185022 0.144165
2 0.270925 0.905034 0.145374 0.125858
2 0.418502 0.901602 0.149780 0.123570
2 0.572687 0.911899 0.149780 0.144165
